date,close,total_return_proxy,cumulative_dividend,split_factor
2021-10-11,1.01,1.01,0.0,1.0
2021-10-12,0.986,0.986,0.0,1.0
2021-10-13,0.994,0.994,0.0,1.0
2021-10-14,0.988,0.988,0.0,1.0
2021-10-15,0.99,0.99,0.0,1.0
2021-10-18,0.983,0.983,0.0,1.0
2021-10-19,0.998,0.998,0.0,1.0
2021-10-20,1.005,1.005,0.0,1.0
2021-10-21,0.994,0.994,0.0,1.0
2021-10-22,0.988,0.988,0.0,1.0
2021-10-25,0.994,0.994,0.0,1.0
2021-10-26,0.983,0.983,0.0,1.0
2021-10-27,0.959,0.959,0.0,1.0
2021-10-28,0.946,0.946,0.0,1.0
2021-10-29,0.963,0.963,0.0,1.0
2021-11-01,0.967,0.967,0.0,1.0
2021-11-02,0.954,0.954,0.0,1.0
2021-11-03,0.962,0.962,0.0,1.0
2021-11-04,0.968,0.968,0.0,1.0
2021-11-05,0.981,0.981,0.0,1.0
2021-11-08,0.967,0.967,0.0,1.0
2021-11-09,0.98,0.98,0.0,1.0
2021-11-10,0.984,0.984,0.0,1.0
2021-11-11,0.996,0.996,0.0,1.0
2021-11-12,1.0,1.0,0.0,1.0
2021-11-15,1.004,1.004,0.0,1.0
2021-11-16,0.994,0.994,0.0,1.0
2021-11-17,1.001,1.001,0.0,1.0
2021-11-18,0.98,0.98,0.0,1.0
2021-11-19,0.991,0.991,0.0,1.0
2021-11-22,0.998,0.998,0.0,1.0
2021-11-23,1.008,1.008,0.0,1.0
2021-11-24,1.003,1.003,0.0,1.0
2021-11-25,1.008,1.008,0.0,1.0
2021-11-26,1.043,1.043,0.0,1.0
2021-11-29,1.025,1.025,0.0,1.0
2021-11-30,1.052,1.052,0.0,1.0
2021-12-01,1.055,1.055,0.0,1.0
2021-12-02,1.038,1.038,0.0,1.0
2021-12-03,1.039,1.039,0.0,1.0
2021-12-06,1.034,1.034,0.0,1.0
2021-12-07,1.036,1.036,0.0,1.0
2021-12-08,1.052,1.052,0.0,1.0
2021-12-09,1.057,1.057,0.0,1.0
2021-12-10,1.046,1.046,0.0,1.0
2021-12-13,1.065,1.065,0.0,1.0
2021-12-14,1.09,1.09,0.0,1.0
2021-12-15,1.083,1.083,0.0,1.0
2021-12-16,1.085,1.085,0.0,1.0
2021-12-17,1.077,1.077,0.0,1.0
2021-12-20,1.068,1.068,0.0,1.0
2021-12-21,1.087,1.087,0.0,1.0
2021-12-22,1.083,1.083,0.0,1.0
2021-12-23,1.083,1.083,0.0,1.0
2021-12-24,1.059,1.059,0.0,1.0
2021-12-27,1.052,1.052,0.0,1.0
2021-12-28,1.075,1.075,0.0,1.0
2021-12-29,1.06,1.06,0.0,1.0
2021-12-30,1.071,1.071,0.0,1.0
2021-12-31,1.08,1.08,0.0,1.0
2022-01-04,1.096,1.096,0.0,1.0
2022-01-05,1.086,1.086,0.0,1.0
2022-01-06,1.079,1.079,0.0,1.0
2022-01-07,1.057,1.057,0.0,1.0
2022-01-10,1.072,1.072,0.0,1.0
2022-01-11,1.043,1.043,0.0,1.0
2022-01-12,1.057,1.057,0.0,1.0
2022-01-13,1.058,1.058,0.0,1.0
2022-01-14,1.049,1.049,0.0,1.0
2022-01-17,1.113,1.113,0.0,1.0
2022-01-18,1.108,1.108,0.0,1.0
2022-01-19,1.115,1.115,0.0,1.0
2022-01-20,1.119,1.119,0.0,1.0
2022-01-21,1.106,1.106,0.0,1.0
2022-01-24,1.118,1.118,0.0,1.0
2022-01-25,1.053,1.053,0.0,1.0
2022-01-26,1.065,1.065,0.0,1.0
2022-01-27,0.997,0.997,0.0,1.0
2022-01-28,1.015,1.015,0.0,1.0
2022-02-07,1.01,1.01,0.0,1.0
2022-02-08,1.029,1.029,0.0,1.0
2022-02-09,1.093,1.093,0.0,1.0
2022-02-10,1.077,1.077,0.0,1.0
2022-02-11,1.079,1.079,0.0,1.0
2022-02-14,1.05,1.05,0.0,1.0
2022-02-15,1.056,1.056,0.0,1.0
2022-02-16,1.052,1.052,0.0,1.0
2022-02-17,1.04,1.04,0.0,1.0
2022-02-18,1.055,1.055,0.0,1.0
2022-02-21,1.072,1.072,0.0,1.0
2022-02-22,1.047,1.047,0.0,1.0
2022-02-23,1.053,1.053,0.0,1.0
2022-02-24,0.996,0.996,0.0,1.0
2022-02-25,1.003,1.003,0.0,1.0
2022-02-28,1.03,1.03,0.0,1.0
2022-03-01,1.04,1.04,0.0,1.0
2022-03-02,1.039,1.039,0.0,1.0
2022-03-03,1.029,1.029,0.0,1.0
2022-03-04,1.007,1.007,0.0,1.0
2022-03-07,0.984,0.984,0.0,1.0
2022-03-08,0.973,0.973,0.0,1.0
2022-03-09,0.951,0.951,0.0,1.0
2022-03-10,0.961,0.961,0.0,1.0
2022-03-11,0.978,0.978,0.0,1.0
2022-03-14,0.954,0.954,0.0,1.0
2022-03-15,0.916,0.916,0.0,1.0
2022-03-16,0.954,0.954,0.0,1.0
2022-03-17,0.976,0.976,0.0,1.0
2022-03-18,0.97,0.97,0.0,1.0
2022-03-21,0.957,0.957,0.0,1.0
2022-03-22,0.965,0.965,0.0,1.0
2022-03-23,0.959,0.959,0.0,1.0
2022-03-24,0.935,0.935,0.0,1.0
2022-03-25,0.929,0.929,0.0,1.0
2022-03-28,0.929,0.929,0.0,1.0
2022-03-29,0.917,0.917,0.0,1.0
2022-03-30,0.949,0.949,0.0,1.0
2022-03-31,0.967,0.967,0.0,1.0
2022-04-01,0.965,0.965,0.0,1.0
2022-04-06,0.972,0.972,0.0,1.0
2022-04-07,0.932,0.932,0.0,1.0
2022-04-08,0.933,0.933,0.0,1.0
2022-04-11,0.888,0.888,0.0,1.0
2022-04-12,0.907,0.907,0.0,1.0
2022-04-13,0.875,0.875,0.0,1.0
2022-04-14,0.882,0.882,0.0,1.0
2022-04-15,0.856,0.856,0.0,1.0
2022-04-18,0.855,0.855,0.0,1.0
2022-04-19,0.851,0.851,0.0,1.0
2022-04-20,0.836,0.836,0.0,1.0
2022-04-21,0.804,0.804,0.0,1.0
2022-04-22,0.782,0.782,0.0,1.0
2022-04-25,0.724,0.724,0.0,1.0
2022-04-26,0.697,0.697,0.0,1.0
2022-04-27,0.732,0.732,0.0,1.0
2022-04-28,0.714,0.714,0.0,1.0
2022-04-29,0.755,0.755,0.0,1.0
2022-05-05,0.757,0.757,0.0,1.0
2022-05-06,0.753,0.753,0.0,1.0
2022-05-09,0.754,0.754,0.0,1.0
2022-05-10,0.767,0.767,0.0,1.0
2022-05-11,0.768,0.768,0.0,1.0
2022-05-12,0.772,0.772,0.0,1.0
2022-05-13,0.771,0.771,0.0,1.0
2022-05-16,0.77,0.77,0.0,1.0
2022-05-17,0.766,0.766,0.0,1.0
2022-05-18,0.771,0.771,0.0,1.0
2022-05-19,0.765,0.765,0.0,1.0
2022-05-20,0.778,0.778,0.0,1.0
2022-05-23,0.788,0.788,0.0,1.0
2022-05-24,0.746,0.746,0.0,1.0
2022-05-25,0.762,0.762,0.0,1.0
2022-05-26,0.767,0.767,0.0,1.0
2022-05-27,0.763,0.763,0.0,1.0
2022-05-30,0.766,0.766,0.0,1.0
2022-05-31,0.781,0.781,0.0,1.0
2022-06-01,0.782,0.782,0.0,1.0
2022-06-02,0.789,0.789,0.0,1.0
2022-06-06,0.816,0.816,0.0,1.0
2022-06-07,0.813,0.813,0.0,1.0
2022-06-08,0.817,0.817,0.0,1.0
2022-06-09,0.803,0.803,0.0,1.0
2022-06-10,0.817,0.817,0.0,1.0
2022-06-13,0.823,0.823,0.0,1.0
2022-06-14,0.833,0.833,0.0,1.0
2022-06-15,0.866,0.866,0.0,1.0
2022-06-16,0.849,0.849,0.0,1.0
2022-06-17,0.85,0.85,0.0,1.0
2022-06-20,0.851,0.851,0.0,1.0
2022-06-21,0.858,0.858,0.0,1.0
2022-06-22,0.835,0.835,0.0,1.0
2022-06-23,0.859,0.859,0.0,1.0
2022-06-24,0.861,0.861,0.0,1.0
2022-06-27,0.863,0.863,0.0,1.0
2022-06-28,0.871,0.871,0.0,1.0
2022-06-29,0.854,0.854,0.0,1.0
2022-06-30,0.857,0.857,0.0,1.0
2022-07-01,0.851,0.851,0.0,1.0
2022-07-04,0.853,0.853,0.0,1.0
2022-07-05,0.838,0.838,0.0,1.0
2022-07-06,0.827,0.827,0.0,1.0
2022-07-07,0.829,0.829,0.0,1.0
2022-07-08,0.83,0.83,0.0,1.0
2022-07-11,0.813,0.813,0.0,1.0
2022-07-12,0.8,0.8,0.0,1.0
2022-07-13,0.802,0.802,0.0,1.0
2022-07-14,0.804,0.804,0.0,1.0
2022-07-15,0.783,0.783,0.0,1.0
2022-07-18,0.811,0.811,0.0,1.0
2022-07-19,0.836,0.836,0.0,1.0
2022-07-20,0.846,0.846,0.0,1.0
2022-07-21,0.838,0.838,0.0,1.0
2022-07-22,0.832,0.832,0.0,1.0
2022-07-25,0.827,0.827,0.0,1.0
2022-07-26,0.847,0.847,0.0,1.0
2022-07-27,0.839,0.839,0.0,1.0
2022-07-28,0.844,0.844,0.0,1.0
2022-07-29,0.833,0.833,0.0,1.0
2022-08-01,0.838,0.838,0.0,1.0
2022-08-02,0.799,0.799,0.0,1.0
2022-08-03,0.804,0.804,0.0,1.0
2022-08-04,0.814,0.814,0.0,1.0
2022-08-05,0.857,0.857,0.0,1.0
2022-08-08,0.853,0.853,0.0,1.0
2022-08-09,0.849,0.849,0.0,1.0
2022-08-10,0.845,0.845,0.0,1.0
2022-08-11,0.872,0.872,0.0,1.0
2022-08-12,0.879,0.879,0.0,1.0
2022-08-15,0.864,0.864,0.0,1.0
2022-08-16,0.859,0.859,0.0,1.0
2022-08-17,0.859,0.859,0.0,1.0
2022-08-18,0.856,0.856,0.0,1.0
2022-08-19,0.849,0.849,0.0,1.0
2022-08-22,0.847,0.847,0.0,1.0
2022-08-23,0.85,0.85,0.0,1.0
2022-08-24,0.822,0.822,0.0,1.0
2022-08-25,0.824,0.824,0.0,1.0
2022-08-26,0.817,0.817,0.0,1.0
2022-08-29,0.82,0.82,0.0,1.0
2022-08-30,0.822,0.822,0.0,1.0
2022-08-31,0.811,0.811,0.0,1.0
2022-09-01,0.814,0.814,0.0,1.0
2022-09-02,0.826,0.826,0.0,1.0
2022-09-05,0.817,0.817,0.0,1.0
2022-09-06,0.823,0.823,0.0,1.0
2022-09-07,0.828,0.828,0.0,1.0
2022-09-08,0.817,0.817,0.0,1.0
2022-09-09,0.833,0.833,0.0,1.0
2022-09-13,0.842,0.842,0.0,1.0
2022-09-14,0.831,0.831,0.0,1.0
2022-09-15,0.832,0.832,0.0,1.0
2022-09-16,0.809,0.809,0.0,1.0
2022-09-19,0.78,0.78,0.0,1.0
2022-09-20,0.781,0.781,0.0,1.0
2022-09-21,0.785,0.785,0.0,1.0
2022-09-22,0.786,0.786,0.0,1.0
2022-09-23,0.767,0.767,0.0,1.0
2022-09-26,0.747,0.747,0.0,1.0
2022-09-27,0.764,0.764,0.0,1.0
2022-09-28,0.742,0.742,0.0,1.0
2022-09-29,0.742,0.742,0.0,1.0
2022-09-30,0.743,0.743,0.0,1.0
2022-10-10,0.737,0.737,0.0,1.0
2022-10-11,0.739,0.739,0.0,1.0
2022-10-12,0.77,0.77,0.0,1.0
2022-10-13,0.787,0.787,0.0,1.0
2022-10-14,0.803,0.803,0.0,1.0
2022-10-17,0.816,0.816,0.0,1.0
2022-10-18,0.81,0.81,0.0,1.0
2022-10-19,0.809,0.809,0.0,1.0
2022-10-20,0.811,0.811,0.0,1.0
2022-10-21,0.804,0.804,0.0,1.0
2022-10-24,0.798,0.798,0.0,1.0
2022-10-25,0.778,0.778,0.0,1.0
2022-10-26,0.811,0.811,0.0,1.0
2022-10-27,0.832,0.832,0.0,1.0
2022-10-28,0.821,0.821,0.0,1.0
2022-10-31,0.869,0.869,0.0,1.0
2022-11-01,0.868,0.868,0.0,1.0
2022-11-02,0.866,0.866,0.0,1.0
2022-11-03,0.846,0.846,0.0,1.0
2022-11-04,0.866,0.866,0.0,1.0
2022-11-07,0.863,0.863,0.0,1.0
2022-11-08,0.88,0.88,0.0,1.0
2022-11-09,0.861,0.861,0.0,1.0
2022-11-10,0.87,0.87,0.0,1.0
2022-11-11,0.875,0.875,0.0,1.0
2022-11-14,0.883,0.883,0.0,1.0
2022-11-15,0.908,0.908,0.0,1.0
2022-11-16,0.899,0.899,0.0,1.0
2022-11-17,0.92,0.92,0.0,1.0
2022-11-18,0.903,0.903,0.0,1.0
2022-11-21,0.903,0.903,0.0,1.0
2022-11-22,0.894,0.894,0.0,1.0
2022-11-23,0.877,0.877,0.0,1.0
2022-11-24,0.872,0.872,0.0,1.0
2022-11-25,0.866,0.866,0.0,1.0
2022-11-28,0.85,0.85,0.0,1.0
2022-11-29,0.874,0.874,0.0,1.0
2022-11-30,0.873,0.873,0.0,1.0
2022-12-01,0.887,0.887,0.0,1.0
2022-12-02,0.893,0.893,0.0,1.0
2022-12-05,0.907,0.907,0.0,1.0
2022-12-06,0.904,0.904,0.0,1.0
2022-12-07,0.901,0.901,0.0,1.0
2022-12-08,0.882,0.882,0.0,1.0
2022-12-09,0.875,0.875,0.0,1.0
2022-12-12,0.879,0.879,0.0,1.0
2022-12-13,0.859,0.859,0.0,1.0
2022-12-14,0.866,0.866,0.0,1.0
2022-12-15,0.871,0.871,0.0,1.0
2022-12-16,0.857,0.857,0.0,1.0
2022-12-19,0.843,0.843,0.0,1.0
2022-12-20,0.828,0.828,0.0,1.0
2022-12-21,0.824,0.824,0.0,1.0
2022-12-22,0.82,0.82,0.0,1.0
2022-12-23,0.828,0.828,0.0,1.0
2022-12-26,0.841,0.841,0.0,1.0
2022-12-27,0.844,0.844,0.0,1.0
2022-12-28,0.833,0.833,0.0,1.0
2022-12-29,0.839,0.839,0.0,1.0
2022-12-30,0.848,0.848,0.0,1.0
2023-01-03,0.879,0.879,0.0,1.0
2023-01-04,0.89,0.89,0.0,1.0
2023-01-05,0.898,0.898,0.0,1.0
2023-01-06,0.893,0.893,0.0,1.0
2023-01-09,0.908,0.908,0.0,1.0
2023-01-10,0.909,0.909,0.0,1.0
2023-01-11,0.901,0.901,0.0,1.0
2023-01-12,0.906,0.906,0.0,1.0
2023-01-13,0.911,0.911,0.0,1.0
2023-01-16,0.934,0.934,0.0,1.0
2023-01-17,0.949,0.949,0.0,1.0
2023-01-18,0.938,0.938,0.0,1.0
2023-01-19,0.958,0.958,0.0,1.0
2023-01-20,0.975,0.975,0.0,1.0
2023-01-30,0.968,0.968,0.0,1.0
2023-01-31,0.963,0.963,0.0,1.0
2023-02-01,0.992,0.992,0.0,1.0
2023-02-02,0.987,0.987,0.0,1.0
2023-02-03,1.005,1.005,0.0,1.0
2023-02-06,1.013,1.013,0.0,1.0
2023-02-07,1.009,1.009,0.0,1.0
2023-02-08,0.99,0.99,0.0,1.0
2023-02-09,1.009,1.009,0.0,1.0
2023-02-10,1.001,1.001,0.0,1.0
2023-02-13,1.007,1.007,0.0,1.0
2023-02-14,1.006,1.006,0.0,1.0
2023-02-15,1.017,1.017,0.0,1.0
2023-02-16,1.005,1.005,0.0,1.0
2023-02-17,0.965,0.965,0.0,1.0
2023-02-20,0.987,0.987,0.0,1.0
2023-02-21,0.993,0.993,0.0,1.0
2023-02-22,0.991,0.991,0.0,1.0
2023-02-23,0.972,0.972,0.0,1.0
2023-02-24,0.972,0.972,0.0,1.0
2023-02-27,0.958,0.958,0.0,1.0
2023-02-28,0.97,0.97,0.0,1.0
2023-03-01,0.999,0.999,0.0,1.0
2023-03-02,1.001,1.001,0.0,1.0
2023-03-03,0.997,0.997,0.0,1.0
2023-03-06,0.987,0.987,0.0,1.0
2023-03-07,0.961,0.961,0.0,1.0
2023-03-08,0.976,0.976,0.0,1.0
2023-03-09,0.978,0.978,0.0,1.0
2023-03-10,0.974,0.974,0.0,1.0
2023-03-13,1.001,1.001,0.0,1.0
2023-03-14,0.989,0.989,0.0,1.0
2023-03-15,0.979,0.979,0.0,1.0
2023-03-16,0.97,0.97,0.0,1.0
2023-03-17,1.006,1.006,0.0,1.0
2023-03-20,0.993,0.993,0.0,1.0
2023-03-21,1.016,1.016,0.0,1.0
2023-03-22,1.022,1.022,0.0,1.0
2023-03-23,1.052,1.052,0.0,1.0
2023-03-24,1.07,1.07,0.0,1.0
2023-03-27,1.101,1.101,0.0,1.0
2023-03-28,1.078,1.078,0.0,1.0
2023-03-29,1.066,1.066,0.0,1.0
2023-03-30,1.05,1.05,0.0,1.0
2023-03-31,1.095,1.095,0.0,1.0
2023-04-03,1.169,1.169,0.0,1.0
2023-04-04,1.176,1.176,0.0,1.0
2023-04-06,1.145,1.145,0.0,1.0
2023-04-07,1.166,1.166,0.0,1.0
2023-04-10,1.097,1.097,0.0,1.0
2023-04-11,1.106,1.106,0.0,1.0
2023-04-12,1.146,1.146,0.0,1.0
2023-04-13,1.125,1.125,0.0,1.0
2023-04-14,1.135,1.135,0.0,1.0
2023-04-17,1.112,1.112,0.0,1.0
2023-04-18,1.103,1.103,0.0,1.0
2023-04-19,1.102,1.102,0.0,1.0
2023-04-20,1.114,1.114,0.0,1.0
2023-04-21,1.054,1.054,0.0,1.0
2023-04-24,1.041,1.041,0.0,1.0
2023-04-25,1.042,1.042,0.0,1.0
2023-04-26,1.002,1.002,0.0,1.0
2023-04-27,0.994,0.994,0.0,1.0
2023-04-28,1.042,1.042,0.0,1.0
2023-05-04,1.039,1.039,0.0,1.0
2023-05-05,1.043,1.043,0.0,1.0
2023-05-08,1.054,1.054,0.0,1.0
2023-05-09,1.052,1.052,0.0,1.0
2023-05-10,1.042,1.042,0.0,1.0
2023-05-11,1.03,1.03,0.0,1.0
2023-05-12,1.016,1.016,0.0,1.0
2023-05-15,1.015,1.015,0.0,1.0
2023-05-16,0.988,0.988,0.0,1.0
2023-05-17,0.992,0.992,0.0,1.0
2023-05-18,1.018,1.018,0.0,1.0
2023-05-19,1.013,1.013,0.0,1.0
2023-05-22,0.999,0.999,0.0,1.0
2023-05-23,0.981,0.981,0.0,1.0
2023-05-24,0.969,0.969,0.0,1.0
2023-05-25,0.961,0.961,0.0,1.0
2023-05-26,0.969,0.969,0.0,1.0
2023-05-29,0.971,0.971,0.0,1.0
2023-05-30,0.988,0.988,0.0,1.0
2023-05-31,0.999,0.999,0.0,1.0
2023-06-01,1.03,1.03,0.0,1.0
2023-06-02,1.034,1.034,0.0,1.0
2023-06-05,1.036,1.036,0.0,1.0
2023-06-06,1.008,1.008,0.0,1.0
2023-06-07,1.024,1.024,0.0,1.0
2023-06-08,1.016,1.016,0.0,1.0
2023-06-09,1.019,1.019,0.0,1.0
2023-06-12,1.022,1.022,0.0,1.0
2023-06-13,1.048,1.048,0.0,1.0
2023-06-14,1.056,1.056,0.0,1.0
2023-06-15,1.045,1.045,0.0,1.0
2023-06-16,1.067,1.067,0.0,1.0
2023-06-19,1.096,1.096,0.0,1.0
2023-06-20,1.113,1.113,0.0,1.0
2023-06-21,1.071,1.071,0.0,1.0
2023-06-26,1.014,1.014,0.0,1.0
2023-06-27,1.02,1.02,0.0,1.0
2023-06-28,0.992,0.992,0.0,1.0
2023-06-29,0.995,0.995,0.0,1.0
2023-06-30,0.999,0.999,0.0,1.0
2023-07-03,1.003,1.003,0.0,1.0
2023-07-04,1.003,1.003,0.0,1.0
2023-07-05,0.986,0.986,0.0,1.0
2023-07-06,0.985,0.985,0.0,1.0
2023-07-07,0.969,0.969,0.0,1.0
2023-07-10,0.964,0.964,0.0,1.0
2023-07-11,0.962,0.962,0.0,1.0
2023-07-12,0.937,0.937,0.0,1.0
2023-07-13,0.952,0.952,0.0,1.0
2023-07-14,0.977,0.977,0.0,1.0
2023-07-17,0.973,0.973,0.0,1.0
2023-07-18,0.963,0.963,0.0,1.0
2023-07-19,0.964,0.964,0.0,1.0
2023-07-20,0.946,0.946,0.0,1.0
2023-07-21,0.94,0.94,0.0,1.0
2023-07-24,0.944,0.944,0.0,1.0
2023-07-25,0.982,0.982,0.0,1.0
2023-07-26,0.965,0.965,0.0,1.0
2023-07-27,0.95,0.95,0.0,1.0
2023-07-28,1.001,1.001,0.0,1.0
2023-07-31,1.007,1.007,0.0,1.0
2023-08-01,1.0,1.0,0.0,1.0
2023-08-02,1.007,1.007,0.0,1.0
2023-08-03,1.026,1.026,0.0,1.0
2023-08-04,1.069,1.069,0.0,1.0
2023-08-07,1.071,1.071,0.0,1.0
2023-08-08,1.051,1.051,0.0,1.0
2023-08-09,1.053,1.053,0.0,1.0
2023-08-10,1.07,1.07,0.0,1.0
2023-08-11,1.023,1.023,0.0,1.0
2023-08-14,1.031,1.031,0.0,1.0
2023-08-15,1.029,1.029,0.0,1.0
2023-08-16,1.017,1.017,0.0,1.0
2023-08-17,1.01,1.01,0.0,1.0
2023-08-18,0.992,0.992,0.0,1.0
2023-08-21,0.977,0.977,0.0,1.0
2023-08-22,1.008,1.008,0.0,1.0
2023-08-23,0.982,0.982,0.0,1.0
2023-08-24,0.987,0.987,0.0,1.0
2023-08-25,0.964,0.964,0.0,1.0
2023-08-28,0.979,0.979,0.0,1.0
2023-08-29,1.009,1.009,0.0,1.0
2023-08-30,1.015,1.015,0.0,1.0
2023-08-31,1.003,1.003,0.0,1.0
2023-09-01,0.993,0.993,0.0,1.0
2023-09-04,1.003,1.003,0.0,1.0
2023-09-05,0.988,0.988,0.0,1.0
2023-09-06,0.984,0.984,0.0,1.0
2023-09-07,0.982,0.982,0.0,1.0
2023-09-08,0.987,0.987,0.0,1.0
2023-09-11,0.993,0.993,0.0,1.0
2023-09-12,0.983,0.983,0.0,1.0
2023-09-13,0.958,0.958,0.0,1.0
2023-09-14,0.946,0.946,0.0,1.0
2023-09-15,0.94,0.94,0.0,1.0
2023-09-18,0.938,0.938,0.0,1.0
2023-09-19,0.927,0.927,0.0,1.0
2023-09-20,0.923,0.923,0.0,1.0
2023-09-21,0.92,0.92,0.0,1.0
2023-09-22,0.953,0.953,0.0,1.0
2023-09-25,0.94,0.94,0.0,1.0
2023-09-26,0.942,0.942,0.0,1.0
2023-09-27,0.944,0.944,0.0,1.0
2023-09-28,0.953,0.953,0.0,1.0
2023-10-09,0.949,0.949,0.0,1.0
2023-10-10,0.962,0.962,0.0,1.0
2023-10-11,0.967,0.967,0.0,1.0
2023-10-12,0.969,0.969,0.0,1.0
2023-10-13,0.957,0.957,0.0,1.0
2023-10-16,0.954,0.954,0.0,1.0
2023-10-17,0.974,0.974,0.0,1.0
2023-10-18,0.959,0.959,0.0,1.0
2023-10-19,0.946,0.946,0.0,1.0
2023-10-20,0.928,0.928,0.0,1.0
2023-10-23,0.896,0.896,0.0,1.0
2023-10-24,0.915,0.915,0.0,1.0
2023-10-25,0.924,0.924,0.0,1.0
2023-10-26,0.929,0.929,0.0,1.0
2023-10-27,0.929,0.929,0.0,1.0
2023-10-30,0.94,0.94,0.0,1.0
2023-10-31,0.934,0.934,0.0,1.0
2023-11-01,0.923,0.923,0.0,1.0
2023-11-02,0.915,0.915,0.0,1.0
2023-11-03,0.928,0.928,0.0,1.0
2023-11-06,0.957,0.957,0.0,1.0
2023-11-07,0.963,0.963,0.0,1.0
2023-11-08,0.97,0.97,0.0,1.0
2023-11-09,0.966,0.966,0.0,1.0
2023-11-10,0.961,0.961,0.0,1.0
2023-11-13,0.98,0.98,0.0,1.0
2023-11-14,0.998,0.998,0.0,1.0
2023-11-15,0.996,0.996,0.0,1.0
2023-11-16,0.99,0.99,0.0,1.0
2023-11-17,0.988,0.988,0.0,1.0
2023-11-20,0.993,0.993,0.0,1.0
2023-11-21,0.981,0.981,0.0,1.0
2023-11-22,0.969,0.969,0.0,1.0
2023-11-23,0.973,0.973,0.0,1.0
2023-11-24,0.949,0.949,0.0,1.0
2023-11-27,0.949,0.949,0.0,1.0
2023-11-28,0.948,0.948,0.0,1.0
2023-11-29,0.943,0.943,0.0,1.0
2023-11-30,0.94,0.94,0.0,1.0
2023-12-01,0.967,0.967,0.0,1.0
2023-12-04,0.976,0.976,0.0,1.0
2023-12-05,0.947,0.947,0.0,1.0
2023-12-06,0.947,0.947,0.0,1.0
2023-12-07,0.962,0.962,0.0,1.0
2023-12-08,0.967,0.967,0.0,1.0
2023-12-11,0.988,0.988,0.0,1.0
2023-12-12,0.99,0.99,0.0,1.0
2023-12-13,0.975,0.975,0.0,1.0
2023-12-14,0.965,0.965,0.0,1.0
2023-12-15,0.964,0.964,0.0,1.0
2023-12-18,0.952,0.952,0.0,1.0
2023-12-19,0.956,0.956,0.0,1.0
2023-12-20,0.927,0.927,0.0,1.0
2023-12-21,0.929,0.929,0.0,1.0
2023-12-22,0.909,0.909,0.0,1.0
2023-12-25,0.902,0.902,0.0,1.0
2023-12-26,0.884,0.884,0.0,1.0
2023-12-27,0.888,0.888,0.0,1.0
2023-12-28,0.912,0.912,0.0,1.0
2023-12-29,0.925,0.925,0.0,1.0
2024-01-02,0.916,0.916,0.0,1.0
2024-01-03,0.907,0.907,0.0,1.0
2024-01-04,0.9,0.9,0.0,1.0
2024-01-05,0.885,0.885,0.0,1.0
2024-01-08,0.871,0.871,0.0,1.0
2024-01-09,0.857,0.857,0.0,1.0
2024-01-10,0.837,0.837,0.0,1.0
2024-01-11,0.863,0.863,0.0,1.0
2024-01-12,0.846,0.846,0.0,1.0
2024-01-15,0.843,0.843,0.0,1.0
2024-01-16,0.839,0.839,0.0,1.0
2024-01-17,0.816,0.816,0.0,1.0
2024-01-18,0.827,0.827,0.0,1.0
2024-01-19,0.802,0.802,0.0,1.0
2024-01-22,0.758,0.758,0.0,1.0
2024-01-23,0.773,0.773,0.0,1.0
2024-01-24,0.796,0.796,0.0,1.0
2024-01-25,0.812,0.812,0.0,1.0
2024-01-26,0.807,0.807,0.0,1.0
2024-01-29,0.772,0.772,0.0,1.0
2024-01-30,0.75,0.75,0.0,1.0
2024-01-31,0.715,0.715,0.0,1.0
2024-02-01,0.715,0.715,0.0,1.0
2024-02-02,0.689,0.689,0.0,1.0
2024-02-05,0.644,0.644,0.0,1.0
2024-02-06,0.688,0.688,0.0,1.0
2024-02-07,0.695,0.695,0.0,1.0
2024-02-08,0.732,0.732,0.0,1.0
2024-02-19,0.752,0.752,0.0,1.0
2024-02-20,0.754,0.754,0.0,1.0
2024-02-21,0.765,0.765,0.0,1.0
2024-02-22,0.784,0.784,0.0,1.0
2024-02-23,0.802,0.802,0.0,1.0
2024-02-26,0.801,0.801,0.0,1.0
2024-02-27,0.832,0.832,0.0,1.0
2024-02-28,0.788,0.788,0.0,1.0
2024-02-29,0.821,0.821,0.0,1.0
2024-03-01,0.839,0.839,0.0,1.0
2024-03-04,0.839,0.839,0.0,1.0
2024-03-05,0.829,0.829,0.0,1.0
2024-03-06,0.825,0.825,0.0,1.0
2024-03-07,0.803,0.803,0.0,1.0
2024-03-08,0.815,0.815,0.0,1.0
2024-03-11,0.829,0.829,0.0,1.0
2024-03-12,0.835,0.835,0.0,1.0
2024-03-13,0.837,0.837,0.0,1.0
2024-03-14,0.827,0.827,0.0,1.0
2024-03-15,0.829,0.829,0.0,1.0
2024-03-18,0.851,0.851,0.0,1.0
2024-03-19,0.842,0.842,0.0,1.0
2024-03-20,0.857,0.857,0.0,1.0
2024-03-21,0.862,0.862,0.0,1.0
2024-03-22,0.853,0.853,0.0,1.0
2024-03-25,0.838,0.838,0.0,1.0
2024-03-26,0.812,0.812,0.0,1.0
2024-03-27,0.778,0.778,0.0,1.0
2024-03-28,0.792,0.792,0.0,1.0
2024-03-29,0.791,0.791,0.0,1.0
2024-04-01,0.809,0.809,0.0,1.0
2024-04-02,0.797,0.797,0.0,1.0
2024-04-03,0.781,0.781,0.0,1.0
2024-04-08,0.767,0.767,0.0,1.0
2024-04-09,0.769,0.769,0.0,1.0
2024-04-10,0.749,0.749,0.0,1.0
2024-04-11,0.747,0.747,0.0,1.0
2024-04-12,0.736,0.736,0.0,1.0
2024-04-15,0.737,0.737,0.0,1.0
2024-04-16,0.7,0.7,0.0,1.0
2024-04-17,0.733,0.733,0.0,1.0
2024-04-18,0.728,0.728,0.0,1.0
2024-04-19,0.72,0.72,0.0,1.0
2024-04-22,0.721,0.721,0.0,1.0
2024-04-23,0.729,0.729,0.0,1.0
2024-04-24,0.745,0.745,0.0,1.0
2024-04-25,0.737,0.737,0.0,1.0
2024-04-26,0.772,0.772,0.0,1.0
2024-04-29,0.791,0.791,0.0,1.0
2024-04-30,0.776,0.776,0.0,1.0
2024-05-06,0.781,0.781,0.0,1.0
2024-05-07,0.776,0.776,0.0,1.0
2024-05-08,0.755,0.755,0.0,1.0
2024-05-09,0.763,0.763,0.0,1.0
2024-05-10,0.758,0.758,0.0,1.0
2024-05-13,0.744,0.744,0.0,1.0
2024-05-14,0.748,0.748,0.0,1.0
2024-05-15,0.736,0.736,0.0,1.0
2024-05-16,0.743,0.743,0.0,1.0
2024-05-17,0.754,0.754,0.0,1.0
2024-05-20,0.755,0.755,0.0,1.0
2024-05-21,0.748,0.748,0.0,1.0
2024-05-22,0.75,0.75,0.0,1.0
2024-05-23,0.731,0.731,0.0,1.0
2024-05-24,0.716,0.716,0.0,1.0
2024-05-27,0.722,0.722,0.0,1.0
2024-05-28,0.713,0.713,0.0,1.0
2024-05-29,0.712,0.712,0.0,1.0
2024-05-30,0.712,0.712,0.0,1.0
2024-05-31,0.72,0.72,0.0,1.0
2024-06-03,0.707,0.707,0.0,1.0
2024-06-04,0.707,0.707,0.0,1.0
2024-06-05,0.7,0.7,0.0,1.0
2024-06-06,0.68,0.68,0.0,1.0
2024-06-07,0.681,0.681,0.0,1.0
2024-06-11,0.692,0.692,0.0,1.0
2024-06-12,0.7,0.7,0.0,1.0
2024-06-13,0.698,0.698,0.0,1.0
2024-06-14,0.708,0.708,0.0,1.0
2024-06-17,0.707,0.707,0.0,1.0
2024-06-18,0.713,0.713,0.0,1.0
2024-06-19,0.71,0.71,0.0,1.0
2024-06-20,0.689,0.689,0.0,1.0
2024-06-21,0.693,0.693,0.0,1.0
2024-06-24,0.676,0.676,0.0,1.0
2024-06-25,0.666,0.666,0.0,1.0
2024-06-26,0.694,0.694,0.0,1.0
2024-06-27,0.678,0.678,0.0,1.0
2024-06-28,0.67,0.67,0.0,1.0
2024-07-01,0.665,0.665,0.0,1.0
2024-07-02,0.674,0.674,0.0,1.0
2024-07-03,0.66,0.66,0.0,1.0
2024-07-04,0.639,0.639,0.0,1.0
2024-07-05,0.645,0.645,0.0,1.0
2024-07-08,0.625,0.625,0.0,1.0
2024-07-09,0.635,0.635,0.0,1.0
2024-07-10,0.631,0.631,0.0,1.0
2024-07-11,0.65,0.65,0.0,1.0
2024-07-12,0.643,0.643,0.0,1.0
2024-07-15,0.63,0.63,0.0,1.0
2024-07-16,0.636,0.636,0.0,1.0
2024-07-17,0.631,0.631,0.0,1.0
2024-07-18,0.627,0.627,0.0,1.0
2024-07-19,0.637,0.637,0.0,1.0
2024-07-22,0.644,0.644,0.0,1.0
2024-07-23,0.63,0.63,0.0,1.0
2024-07-24,0.615,0.615,0.0,1.0
2024-07-25,0.623,0.623,0.0,1.0
2024-07-26,0.629,0.629,0.0,1.0
2024-07-29,0.632,0.632,0.0,1.0
2024-07-30,0.633,0.633,0.0,1.0
2024-07-31,0.674,0.674,0.0,1.0
2024-08-01,0.667,0.667,0.0,1.0
2024-08-02,0.651,0.651,0.0,1.0
2024-08-05,0.635,0.635,0.0,1.0
2024-08-06,0.641,0.641,0.0,1.0
2024-08-07,0.639,0.639,0.0,1.0
2024-08-08,0.634,0.634,0.0,1.0
2024-08-09,0.628,0.628,0.0,1.0
2024-08-12,0.622,0.622,0.0,1.0
2024-08-13,0.626,0.626,0.0,1.0
2024-08-14,0.621,0.621,0.0,1.0
2024-08-15,0.632,0.632,0.0,1.0
2024-08-16,0.628,0.628,0.0,1.0
2024-08-19,0.642,0.642,0.0,1.0
2024-08-20,0.626,0.626,0.0,1.0
2024-08-21,0.625,0.625,0.0,1.0
2024-08-22,0.606,0.606,0.0,1.0
2024-08-23,0.617,0.617,0.0,1.0
2024-08-26,0.615,0.615,0.0,1.0
2024-08-27,0.606,0.606,0.0,1.0
2024-08-28,0.605,0.605,0.0,1.0
2024-08-29,0.615,0.615,0.0,1.0
2024-08-30,0.638,0.638,0.0,1.0
2024-09-02,0.62,0.62,0.0,1.0
2024-09-03,0.628,0.628,0.0,1.0
2024-09-04,0.626,0.626,0.0,1.0
2024-09-05,0.641,0.641,0.0,1.0
2024-09-06,0.635,0.635,0.0,1.0
2024-09-09,0.63,0.63,0.0,1.0
2024-09-10,0.636,0.636,0.0,1.0
2024-09-11,0.632,0.632,0.0,1.0
2024-09-12,0.637,0.637,0.0,1.0
2024-09-13,0.627,0.627,0.0,1.0
2024-09-18,0.629,0.629,0.0,1.0
2024-09-19,0.653,0.653,0.0,1.0
2024-09-20,0.661,0.661,0.0,1.0
2024-09-23,0.662,0.662,0.0,1.0
2024-09-24,0.713,0.713,0.0,1.0
2024-09-25,0.73,0.73,0.0,1.0
2024-09-26,0.774,0.774,0.0,1.0
2024-09-27,0.851,0.851,0.0,1.0
2024-09-30,0.936,0.936,0.0,1.0
2024-10-08,1.03,1.03,0.0,1.0
2024-10-09,1.133,1.133,0.0,1.0
2024-10-10,1.035,1.035,0.0,1.0
2024-10-11,1.058,1.058,0.0,1.0
2024-10-14,1.125,1.125,0.0,1.0
2024-10-15,1.095,1.095,0.0,1.0
2024-10-16,1.107,1.107,0.0,1.0
2024-10-17,1.121,1.121,0.0,1.0
2024-10-18,1.203,1.203,0.0,1.0
2024-10-21,1.233,1.233,0.0,1.0
2024-10-22,1.19,1.19,0.0,1.0
2024-10-23,1.166,1.166,0.0,1.0
2024-10-24,1.15,1.15,0.0,1.0
2024-10-25,1.16,1.16,0.0,1.0
2024-10-28,1.183,1.183,0.0,1.0
2024-10-29,1.182,1.182,0.0,1.0
2024-10-30,1.206,1.206,0.0,1.0
2024-10-31,1.248,1.248,0.0,1.0
2024-11-01,1.154,1.154,0.0,1.0
2024-11-04,1.203,1.203,0.0,1.0
2024-11-05,1.316,1.316,0.0,1.0
2024-11-06,1.304,1.304,0.0,1.0
2024-11-07,1.41,1.41,0.0,1.0
2024-11-08,1.371,1.371,0.0,1.0
2024-11-11,1.409,1.409,0.0,1.0
2024-11-12,1.404,1.404,0.0,1.0
2024-11-13,1.395,1.395,0.0,1.0
2024-11-14,1.364,1.364,0.0,1.0
2024-11-15,1.295,1.295,0.0,1.0
2024-11-18,1.23,1.23,0.0,1.0
2024-11-19,1.287,1.287,0.0,1.0
2024-11-20,1.296,1.296,0.0,1.0
2024-11-21,1.316,1.316,0.0,1.0
2024-11-22,1.261,1.261,0.0,1.0
2024-11-25,1.255,1.255,0.0,1.0
2024-11-26,1.234,1.234,0.0,1.0
2024-11-27,1.295,1.295,0.0,1.0
2024-11-28,1.282,1.282,0.0,1.0
2024-11-29,1.367,1.367,0.0,1.0
2024-12-02,1.372,1.372,0.0,1.0
2024-12-03,1.377,1.377,0.0,1.0
2024-12-04,1.358,1.358,0.0,1.0
2024-12-05,1.396,1.396,0.0,1.0
2024-12-06,1.393,1.393,0.0,1.0
2024-12-09,1.365,1.365,0.0,1.0
2024-12-10,1.389,1.389,0.0,1.0
2024-12-11,1.374,1.374,0.0,1.0
2024-12-12,1.406,1.406,0.0,1.0
2024-12-13,1.352,1.352,0.0,1.0
2024-12-16,1.325,1.325,0.0,1.0
2024-12-17,1.307,1.307,0.0,1.0
2024-12-18,1.316,1.316,0.0,1.0
2024-12-19,1.319,1.319,0.0,1.0
2024-12-20,1.337,1.337,0.0,1.0
2024-12-23,1.287,1.287,0.0,1.0
2024-12-24,1.294,1.294,0.0,1.0
2024-12-25,1.264,1.264,0.0,1.0
2024-12-26,1.272,1.272,0.0,1.0
2024-12-27,1.287,1.287,0.0,1.0
2024-12-30,1.297,1.297,0.0,1.0
2024-12-31,1.226,1.226,0.0,1.0
2025-01-02,1.168,1.168,0.0,1.0
2025-01-03,1.111,1.111,0.0,1.0
2025-01-06,1.083,1.083,0.0,1.0
2025-01-07,1.117,1.117,0.0,1.0
2025-01-08,1.113,1.113,0.0,1.0
2025-01-09,1.114,1.114,0.0,1.0
2025-01-10,1.083,1.083,0.0,1.0
2025-01-13,1.101,1.101,0.0,1.0
2025-01-14,1.198,1.198,0.0,1.0
2025-01-15,1.172,1.172,0.0,1.0
2025-01-16,1.18,1.18,0.0,1.0
2025-01-17,1.184,1.184,0.0,1.0
2025-01-20,1.192,1.192,0.0,1.0
2025-01-21,1.197,1.197,0.0,1.0
2025-01-22,1.183,1.183,0.0,1.0
2025-01-23,1.173,1.173,0.0,1.0
2025-01-24,1.2,1.2,0.0,1.0
2025-01-27,1.163,1.163,0.0,1.0
2025-02-05,1.21,1.21,0.0,1.0
2025-02-06,1.253,1.253,0.0,1.0
2025-02-07,1.299,1.299,0.0,1.0
2025-02-10,1.332,1.332,0.0,1.0
2025-02-11,1.319,1.319,0.0,1.0
2025-02-12,1.366,1.366,0.0,1.0
2025-02-13,1.334,1.334,0.0,1.0
2025-02-14,1.361,1.361,0.0,1.0
2025-02-17,1.39,1.39,0.0,1.0
2025-02-18,1.322,1.322,0.0,1.0
2025-02-19,1.364,1.364,0.0,1.0
2025-02-20,1.364,1.364,0.0,1.0
2025-02-21,1.415,1.415,0.0,1.0
2025-02-24,1.408,1.408,0.0,1.0
2025-02-25,1.375,1.375,0.0,1.0
2025-02-26,1.401,1.401,0.0,1.0
2025-02-27,1.376,1.376,0.0,1.0
2025-02-28,1.294,1.294,0.0,1.0
2025-03-03,1.297,1.297,0.0,1.0
2025-03-04,1.313,1.313,0.0,1.0
2025-03-05,1.323,1.323,0.0,1.0
2025-03-06,1.389,1.389,0.0,1.0
2025-03-07,1.357,1.357,0.0,1.0
2025-03-10,1.338,1.338,0.0,1.0
2025-03-11,1.332,1.332,0.0,1.0
2025-03-12,1.344,1.344,0.0,1.0
2025-03-13,1.316,1.316,0.0,1.0
2025-03-14,1.372,1.372,0.0,1.0
2025-03-17,1.367,1.367,0.0,1.0
2025-03-18,1.371,1.371,0.0,1.0
2025-03-19,1.358,1.358,0.0,1.0
2025-03-20,1.336,1.336,0.0,1.0
2025-03-21,1.299,1.299,0.0,1.0
2025-03-24,1.281,1.281,0.0,1.0
2025-03-25,1.25,1.25,0.0,1.0
2025-03-26,1.254,1.254,0.0,1.0
2025-03-27,1.259,1.259,0.0,1.0
2025-03-28,1.255,1.255,0.0,1.0
2025-03-31,1.235,1.235,0.0,1.0
2025-04-01,1.214,1.214,0.0,1.0
2025-04-02,1.225,1.225,0.0,1.0
2025-04-03,1.217,1.217,0.0,1.0
2025-04-07,1.095,1.095,0.0,1.0
2025-04-08,1.074,1.074,0.0,1.0
2025-04-09,1.121,1.121,0.0,1.0
2025-04-10,1.147,1.147,0.0,1.0
2025-04-11,1.152,1.152,0.0,1.0
2025-04-14,1.164,1.164,0.0,1.0
2025-04-15,1.148,1.148,0.0,1.0
2025-04-16,1.141,1.141,0.0,1.0
2025-04-17,1.136,1.136,0.0,1.0
2025-04-18,1.146,1.146,0.0,1.0
2025-04-21,1.173,1.173,0.0,1.0
2025-04-22,1.188,1.188,0.0,1.0
2025-04-23,1.199,1.199,0.0,1.0
2025-04-24,1.163,1.163,0.0,1.0
2025-04-25,1.164,1.164,0.0,1.0
2025-04-28,1.149,1.149,0.0,1.0
2025-04-29,1.149,1.149,0.0,1.0
2025-04-30,1.17,1.17,0.0,1.0
2025-05-06,1.217,1.217,0.0,1.0
2025-05-07,1.217,1.217,0.0,1.0
2025-05-08,1.225,1.225,0.0,1.0
2025-05-09,1.2,1.2,0.0,1.0
2025-05-12,1.237,1.237,0.0,1.0
2025-05-13,1.22,1.22,0.0,1.0
2025-05-14,1.25,1.25,0.0,1.0
2025-05-15,1.207,1.207,0.0,1.0
2025-05-16,1.195,1.195,0.0,1.0
2025-05-19,1.194,1.194,0.0,1.0
2025-05-20,1.196,1.196,0.0,1.0
2025-05-21,1.192,1.192,0.0,1.0
2025-05-22,1.178,1.178,0.0,1.0
2025-05-23,1.151,1.151,0.0,1.0
2025-05-26,1.164,1.164,0.0,1.0
2025-05-27,1.155,1.155,0.0,1.0
2025-05-28,1.152,1.152,0.0,1.0
2025-05-29,1.22,1.22,0.0,1.0
2025-05-30,1.205,1.205,0.0,1.0
2025-06-03,1.214,1.214,0.0,1.0
2025-06-04,1.223,1.223,0.0,1.0
2025-06-05,1.261,1.261,0.0,1.0
2025-06-06,1.237,1.237,0.0,1.0
2025-06-09,1.251,1.251,0.0,1.0
2025-06-10,1.224,1.224,0.0,1.0
2025-06-11,1.243,1.243,0.0,1.0
2025-06-12,1.253,1.253,0.0,1.0
2025-06-13,1.236,1.236,0.0,1.0
2025-06-16,1.297,1.297,0.0,1.0
2025-06-17,1.306,1.306,0.0,1.0
2025-06-18,1.297,1.297,0.0,1.0
2025-06-19,1.259,1.259,0.0,1.0
2025-06-20,1.239,1.239,0.0,1.0
2025-06-23,1.291,1.291,0.0,1.0
2025-06-24,1.33,1.33,0.0,1.0
2025-06-25,1.431,1.431,0.0,1.0
2025-06-26,1.424,1.424,0.0,1.0
2025-06-27,1.411,1.411,0.0,1.0
2025-06-30,1.43,1.43,0.0,1.0
2025-07-01,1.391,1.391,0.0,1.0
2025-07-02,1.366,1.366,0.0,1.0
2025-07-03,1.374,1.374,0.0,1.0
2025-07-04,1.395,1.395,0.0,1.0
2025-07-07,1.413,1.413,0.0,1.0
2025-07-08,1.442,1.442,0.0,1.0
2025-07-09,1.435,1.435,0.0,1.0
2025-07-10,1.43,1.43,0.0,1.0
2025-07-11,1.481,1.481,0.0,1.0
2025-07-14,1.444,1.444,0.0,1.0
2025-07-15,1.443,1.443,0.0,1.0
2025-07-16,1.44,1.44,0.0,1.0
2025-07-17,1.456,1.456,0.0,1.0
2025-07-18,1.449,1.449,0.0,1.0
2025-07-21,1.433,1.433,0.0,1.0
2025-07-22,1.431,1.431,0.0,1.0
2025-07-23,1.436,1.436,0.0,1.0
2025-07-24,1.465,1.465,0.0,1.0
2025-07-25,1.456,1.456,0.0,1.0
2025-07-28,1.474,1.474,0.0,1.0
2025-07-29,1.493,1.493,0.0,1.0
2025-07-30,1.446,1.446,0.0,1.0
2025-07-31,1.428,1.428,0.0,1.0
2025-08-01,1.423,1.423,0.0,1.0
2025-08-04,1.423,1.423,0.0,1.0
2025-08-05,1.431,1.431,0.0,1.0
2025-08-06,1.444,1.444,0.0,1.0
2025-08-07,1.437,1.437,0.0,1.0
2025-08-08,1.417,1.417,0.0,1.0
2025-08-11,1.457,1.457,0.0,1.0
2025-08-12,1.477,1.477,0.0,1.0
2025-08-13,1.493,1.493,0.0,1.0
2025-08-14,1.495,1.495,0.0,1.0
2025-08-15,1.584,1.584,0.0,1.0
2025-08-18,1.653,1.653,0.0,1.0
2025-08-19,1.649,1.649,0.0,1.0
2025-08-20,1.638,1.638,0.0,1.0
2025-08-21,1.652,1.652,0.0,1.0
2025-08-22,1.71,1.71,0.0,1.0
2025-08-25,1.736,1.736,0.0,1.0
2025-08-26,1.726,1.726,0.0,1.0
2025-08-27,1.691,1.691,0.0,1.0
2025-08-28,1.725,1.725,0.0,1.0
2025-08-29,1.712,1.712,0.0,1.0
2025-09-01,1.718,1.718,0.0,1.0
2025-09-02,1.638,1.638,0.0,1.0
2025-09-03,1.578,1.578,0.0,1.0
2025-09-04,1.536,1.536,0.0,1.0
2025-09-05,1.561,1.561,0.0,1.0
2025-09-08,1.561,1.561,0.0,1.0
2025-09-09,1.533,1.533,0.0,1.0
2025-09-10,1.542,1.542,0.0,1.0
2025-09-11,1.61,1.61,0.0,1.0
2025-09-12,1.595,1.595,0.0,1.0
2025-09-15,1.59,1.59,0.0,1.0
2025-09-16,1.621,1.621,0.0,1.0
2025-09-17,1.652,1.652,0.0,1.0
2025-09-18,1.594,1.594,0.0,1.0
2025-09-19,1.565,1.565,0.0,1.0
2025-09-22,1.599,1.599,0.0,1.0
2025-09-23,1.548,1.548,0.0,1.0
2025-09-24,1.567,1.567,0.0,1.0
2025-09-25,1.574,1.574,0.0,1.0
2025-09-26,1.537,1.537,0.0,1.0
2025-09-29,1.583,1.583,0.0,1.0
2025-09-30,1.579,1.579,0.0,1.0
2025-10-09,1.592,1.592,0.0,1.0
2025-10-10,1.539,1.539,0.0,1.0
2025-10-13,1.525,1.525,0.0,1.0
2025-10-14,1.499,1.499,0.0,1.0
2025-10-15,1.516,1.516,0.0,1.0
2025-10-16,1.496,1.496,0.0,1.0
2025-10-17,1.453,1.453,0.0,1.0
2025-10-20,1.467,1.467,0.0,1.0
2025-10-21,1.488,1.488,0.0,1.0
2025-10-22,1.473,1.473,0.0,1.0
2025-10-23,1.489,1.489,0.0,1.0
2025-10-24,1.509,1.509,0.0,1.0
2025-10-27,1.521,1.521,0.0,1.0
2025-10-28,1.528,1.528,0.0,1.0
2025-10-29,1.554,1.554,0.0,1.0
2025-10-30,1.511,1.511,0.0,1.0
2025-10-31,1.517,1.517,0.0,1.0
2025-11-03,1.527,1.527,0.0,1.0
2025-11-04,1.499,1.499,0.0,1.0
2025-11-05,1.481,1.481,0.0,1.0
2025-11-06,1.488,1.488,0.0,1.0
2025-11-07,1.457,1.457,0.0,1.0
2025-11-10,1.466,1.466,0.0,1.0
2025-11-11,1.434,1.434,0.0,1.0
2025-11-12,1.413,1.413,0.0,1.0
2025-11-13,1.434,1.434,0.0,1.0
2025-11-14,1.408,1.408,0.0,1.0
2025-11-17,1.427,1.427,0.0,1.0
2025-11-18,1.44,1.44,0.0,1.0
2025-11-19,1.417,1.417,0.0,1.0
2025-11-20,1.403,1.403,0.0,1.0
2025-11-21,1.361,1.361,0.0,1.0
2025-11-24,1.387,1.387,0.0,1.0
2025-11-25,1.398,1.398,0.0,1.0
2025-11-26,1.391,1.391,0.0,1.0
2025-11-27,1.377,1.377,0.0,1.0
2025-11-28,1.385,1.385,0.0,1.0
2025-12-01,1.391,1.391,0.0,1.0
2025-12-02,1.366,1.366,0.0,1.0
2025-12-03,1.339,1.339,0.0,1.0
2025-12-04,1.34,1.34,0.0,1.0
2025-12-05,1.388,1.388,0.0,1.0
2025-12-08,1.405,1.405,0.0,1.0
2025-12-09,1.383,1.383,0.0,1.0
2025-12-10,1.389,1.389,0.0,1.0
2025-12-11,1.361,1.361,0.0,1.0
2025-12-12,1.369,1.369,0.0,1.0
2025-12-15,1.355,1.355,0.0,1.0
2025-12-16,1.366,1.366,0.0,1.0
2025-12-17,1.388,1.388,0.0,1.0
2025-12-18,1.366,1.366,0.0,1.0
2025-12-19,1.379,1.379,0.0,1.0
2025-12-22,1.391,1.391,0.0,1.0
2025-12-23,1.37,1.37,0.0,1.0
2025-12-24,1.394,1.394,0.0,1.0
2025-12-25,1.415,1.415,0.0,1.0
2025-12-26,1.418,1.418,0.0,1.0
2025-12-29,1.432,1.432,0.0,1.0
2025-12-30,1.436,1.436,0.0,1.0
2025-12-31,1.444,1.444,0.0,1.0
2026-01-05,1.454,1.454,0.0,1.0
2026-01-06,1.516,1.516,0.0,1.0
2026-01-07,1.485,1.485,0.0,1.0
2026-01-08,1.474,1.474,0.0,1.0
2026-01-09,1.511,1.511,0.0,1.0
2026-01-12,1.626,1.626,0.0,1.0
2026-01-13,1.58,1.58,0.0,1.0
2026-01-14,1.633,1.633,0.0,1.0
2026-01-15,1.586,1.586,0.0,1.0
2026-01-16,1.557,1.557,0.0,1.0
2026-01-19,1.535,1.535,0.0,1.0
2026-01-20,1.504,1.504,0.0,1.0
2026-01-21,1.503,1.503,0.0,1.0
2026-01-22,1.506,1.506,0.0,1.0
2026-01-23,1.53,1.53,0.0,1.0
2026-01-26,1.488,1.488,0.0,1.0
2026-01-27,1.485,1.485,0.0,1.0
2026-01-28,1.471,1.471,0.0,1.0
2026-01-29,1.477,1.477,0.0,1.0
2026-01-30,1.44,1.44,0.0,1.0
2026-02-02,1.416,1.416,0.0,1.0
2026-02-03,1.441,1.441,0.0,1.0
2026-02-04,1.441,1.441,0.0,1.0
2026-02-05,1.432,1.432,0.0,1.0
2026-02-06,1.419,1.419,0.0,1.0
2026-02-09,1.451,1.451,0.0,1.0
2026-02-10,1.45,1.45,0.0,1.0
2026-02-11,1.441,1.441,0.0,1.0
2026-02-12,1.443,1.443,0.0,1.0
2026-02-13,1.43,1.43,0.0,1.0
2026-02-24,1.412,1.412,0.0,1.0
2026-02-25,1.436,1.436,0.0,1.0
2026-02-26,1.428,1.428,0.0,1.0
2026-02-27,1.45,1.45,0.0,1.0
2026-03-02,1.398,1.398,0.0,1.0
2026-03-03,1.348,1.348,0.0,1.0
2026-03-04,1.326,1.326,0.0,1.0
2026-03-05,1.342,1.342,0.0,1.0
2026-03-06,1.374,1.374,0.0,1.0
2026-03-09,1.365,1.365,0.0,1.0
2026-03-10,1.378,1.378,0.0,1.0
2026-03-11,1.373,1.373,0.0,1.0
2026-03-12,1.373,1.373,0.0,1.0
2026-03-13,1.33,1.33,0.0,1.0
2026-03-16,1.348,1.348,0.0,1.0
2026-03-17,1.334,1.334,0.0,1.0
2026-03-18,1.341,1.341,0.0,1.0
2026-03-19,1.324,1.324,0.0,1.0
2026-03-20,1.271,1.271,0.0,1.0
2026-03-23,1.221,1.221,0.0,1.0
2026-03-24,1.238,1.238,0.0,1.0
2026-03-25,1.249,1.249,0.0,1.0
2026-03-26,1.205,1.205,0.0,1.0
2026-03-27,1.218,1.218,0.0,1.0
2026-03-30,1.216,1.216,0.0,1.0
2026-03-31,1.201,1.201,0.0,1.0
2026-04-01,1.222,1.222,0.0,1.0
2026-04-02,1.185,1.185,0.0,1.0
2026-04-03,1.169,1.169,0.0,1.0
2026-04-07,1.177,1.177,0.0,1.0
2026-04-08,1.254,1.254,0.0,1.0
2026-04-09,1.216,1.216,0.0,1.0
2026-04-10,1.256,1.256,0.0,1.0
2026-04-13,1.25,1.25,0.0,1.0
2026-04-14,1.268,1.268,0.0,1.0
2026-04-15,1.247,1.247,0.0,1.0
2026-04-16,1.266,1.266,0.0,1.0
2026-04-17,1.267,1.267,0.0,1.0
2026-04-20,1.276,1.276,0.0,1.0
2026-04-21,1.257,1.257,0.0,1.0
2026-04-22,1.274,1.274,0.0,1.0
2026-04-23,1.247,1.247,0.0,1.0
2026-04-24,1.236,1.236,0.0,1.0
2026-04-27,1.239,1.239,0.0,1.0
2026-04-28,1.215,1.215,0.0,1.0
2026-04-29,1.225,1.225,0.0,1.0
2026-04-30,1.236,1.236,0.0,1.0
2026-05-06,1.276,1.276,0.0,1.0
2026-05-07,1.287,1.287,0.0,1.0
2026-05-08,1.295,1.295,0.0,1.0
2026-05-11,1.315,1.315,0.0,1.0
2026-05-12,1.295,1.295,0.0,1.0
2026-05-13,1.296,1.296,0.0,1.0
2026-05-14,1.25,1.25,0.0,1.0
2026-05-15,1.229,1.229,0.0,1.0
2026-05-18,1.238,1.238,0.0,1.0
2026-05-19,1.258,1.258,0.0,1.0
2026-05-20,1.241,1.241,0.0,1.0
2026-05-21,1.229,1.229,0.0,1.0
2026-05-22,1.221,1.221,0.0,1.0
2026-05-25,1.233,1.233,0.0,1.0
2026-05-26,1.235,1.235,0.0,1.0
2026-05-27,1.195,1.195,0.0,1.0
2026-05-28,1.186,1.186,0.0,1.0
2026-05-29,1.155,1.155,0.0,1.0
2026-06-01,1.185,1.185,0.0,1.0
2026-06-02,1.164,1.164,0.0,1.0
2026-06-03,1.147,1.147,0.0,1.0
2026-06-04,1.127,1.127,0.0,1.0
2026-06-05,1.111,1.111,0.0,1.0
2026-06-08,1.074,1.074,0.0,1.0
2026-06-09,1.094,1.094,0.0,1.0
2026-06-10,1.07,1.07,0.0,1.0
2026-06-11,1.031,1.031,0.0,1.0
2026-06-12,1.074,1.074,0.0,1.0
2026-06-15,1.108,1.108,0.0,1.0
2026-06-16,1.113,1.113,0.0,1.0
2026-06-17,1.11,1.11,0.0,1.0
2026-06-18,1.096,1.096,0.0,1.0
2026-06-22,1.173,1.173,0.0,1.0
2026-06-23,1.17,1.17,0.0,1.0
2026-06-24,1.131,1.131,0.0,1.0
2026-06-25,1.136,1.136,0.0,1.0
2026-06-26,1.07,1.07,0.0,1.0
2026-06-29,1.058,1.058,0.0,1.0
2026-06-30,1.075,1.075,0.0,1.0
2026-07-01,1.123,1.123,0.0,1.0
2026-07-02,1.085,1.085,0.0,1.0
2026-07-03,1.086,1.086,0.0,1.0
2026-07-06,1.063,1.063,0.0,1.0
2026-07-07,1.027,1.027,0.0,1.0
2026-07-08,1.033,1.033,0.0,1.0
2026-07-09,1.044,1.044,0.0,1.0
2026-07-10,1.046,1.046,0.0,1.0
2026-07-13,1.006,1.006,0.0,1.0
2026-07-14,0.999,0.999,0.0,1.0
2026-07-15,1.019,1.019,0.0,1.0
2026-07-16,1.024,1.024,0.0,1.0
2026-07-17,0.994,0.994,0.0,1.0
